
This solution was completed by:
<student name>

Insertion Sort
Test size Test #1    Test #2    Test #3    Test #4    Test #5    Test #6    Average   Increase
500       0.001      0.001      0.001      0.001      0.001      0.001      0.001     N/A
1000      0.002      0.002      0.002      0.002      0.002      0.002      0.002     3.690     
2000      0.007      0.007      0.007      0.007      0.008      0.007      0.007     3.852     
4000      0.028      0.028      0.029      0.029      0.029      0.028      0.029     3.843     
8000      0.111      0.110      0.111      0.112      0.112      0.113      0.112     3.913     
16000     0.441      0.441      0.441      0.437      0.445      0.442      0.441     3.953     

quicksort (uses insertion sort when sorting <30 numbers)
Test size Test #1    Test #2    Test #3    Test #4    Test #5    Test #6    Test #7    Test #8    Test #9    Test #10   Test #11   Test #12   Average   Increase
500       0.000      0.000      0.000      0.000      0.000      0.000      0.000      0.000      0.000      0.000      0.000      0.000      0.000     N/A
1000      0.000      0.000      0.000      0.000      0.000      0.000      0.000      0.000      0.000      0.000      0.000      0.000      0.000     2.004     
2000      0.000      0.000      0.000      0.000      0.000      0.000      0.000      0.000      0.000      0.000      0.000      0.000      0.000     2.154     
4000      0.001      0.001      0.001      0.001      0.001      0.001      0.001      0.001      0.001      0.001      0.001      0.001      0.001     2.064     
8000      0.002      0.002      0.002      0.002      0.002      0.002      0.002      0.002      0.002      0.002      0.002      0.002      0.002     2.066     
16000     0.004      0.004      0.004      0.004      0.004      0.004      0.004      0.004      0.004      0.004      0.004      0.004      0.004     2.150     
32000     0.008      0.008      0.008      0.008      0.008      0.008      0.008      0.008      0.008      0.008      0.008      0.008      0.008     2.084     
64000     0.016      0.016      0.016      0.016      0.016      0.016      0.016      0.016      0.016      0.016      0.016      0.016      0.016     2.078     
128000    0.035      0.034      0.034      0.034      0.035      0.034      0.034      0.034      0.034      0.034      0.034      0.034      0.034     2.116     

Mystery 1
Test size Test #1    Test #2    Test #3    Test #4    Average   Increase
500       0.001      0.001      0.001      0.001      0.001     N/A
1000      0.004      0.004      0.004      0.004      0.004     2.543     
2000      0.009      0.009      0.009      0.009      0.009     2.490     
4000      0.021      0.021      0.021      0.022      0.021     2.348     
8000      0.049      0.049      0.049      0.049      0.049     2.300     
16000     0.112      0.112      0.112      0.112      0.112     2.277     
32000     0.250      0.250      0.250      0.250      0.250     2.241     
64000     0.555      0.555      0.555      0.555      0.555     2.218     

Mystery 2
Test size Test #1    Test #2    Test #3    Average   Increase
500       0.001      0.001      0.001      0.001     N/A
1000      0.003      0.003      0.003      0.003     3.932     
2000      0.011      0.011      0.011      0.011     3.989     
4000      0.046      0.046      0.046      0.046     4.068     
8000      0.187      0.186      0.186      0.187     4.024     
16000     0.727      0.727      0.727      0.727     3.898     
32000     2.904      2.904      2.904      2.904     3.994     

Mystery 3
Test size Test #1    Test #2    Test #3    Test #4    Test #5    Average   Increase
500       0.000      0.000      0.000      0.000      0.000      0.000     N/A
1000      0.000      0.000      0.000      0.000      0.000      0.000     1.740     
2000      0.000      0.000      0.000      0.000      0.000      0.000     2.035     
4000      0.000      0.000      0.000      0.000      0.000      0.000     1.879     
8000      0.001      0.001      0.001      0.001      0.001      0.001     1.905     
16000     0.001      0.001      0.001      0.001      0.001      0.001     2.191     
32000     0.002      0.002      0.002      0.002      0.002      0.002     1.990     
64000     0.005      0.005      0.005      0.005      0.005      0.005     1.958     
128000    0.010      0.010      0.010      0.010      0.010      0.010     2.088     
256000    0.021      0.021      0.020      0.020      0.020      0.020     2.092     
